317.1718;193.51622
317.19876;191.87386
317.22473;190.07768
317.25357;188.13254
317.28918;186.04323
317.33536;183.81454
317.39603;181.4513
317.475;178.95831
317.5762;176.34036
317.70343;173.6023
317.86057;170.7489
318.0515;167.78499
318.28006;164.71536
318.55014;161.54483
318.86557;158.2782
319.23022;154.92027
319.64798;151.47589
320.12268;147.94981
320.65817;144.34688
321.25836;140.67188
321.9271;136.92964
322.6682;133.12495
323.48563;129.26263
324.38312;125.3475
325.36462;121.38434
326.434;117.37797
327.59503;113.33318
328.85168;109.25484
330.20773;105.14767
331.6671;101.01654
333.23364;96.86623
334.9112;92.70155
336.70364;88.527336
338.6148;84.348366
340.64862;80.16944
342.80887;75.9954
345.0995;71.831024
347.5243;67.68114
350.08716;63.55052
352.7919;59.44403
355.64246;55.366455
358.64267;51.32257
361.7964;47.3172
365.10748;43.355164
368.29288;39.754936
370.64297;37.224087
373.165;34.61521
375.83627;31.953835
378.63406;29.265436
381.5356;26.575544
384.51825;23.909649
387.55923;21.293243
390.63583;18.751848
393.72534;16.31095
396.80505;13.996069
399.85223;11.832699
402.84418;9.846334
405.75818;8.0625
408.57147;6.506672
411.74728;4.343551
412.11462;1.6157765
408.82574;0.045068264
405.03217;0.04241402
401.6307;0.12607126
398.21582;0.24385121
394.7881;0.39572346
391.348;0.581658
387.89612;0.8016226
384.433;1.0555885
380.9592;1.3435223
377.47525;1.6653962
373.9817;2.0211754
370.47906;2.4108343
366.9679;2.8343396
363.4488;3.2916608
359.92227;3.7827628
356.38882;4.307624
352.84906;4.866207
349.30353;5.458479
345.75272;6.0844173
342.1972;6.743986
338.63754;7.4371505
335.07425;8.16389
331.5079;8.924169
327.93903;9.717956
324.3682;10.545214
320.7959;11.405925
317.22272;12.300052
313.6492;13.227556
310.07587;14.188422
306.5033;15.182612
302.93204;16.210087
299.36255;17.270834
295.79547;18.364809
292.23132;19.491987
288.6707;20.652323
285.114;21.845808
281.5619;23.072407
278.0149;24.332067
274.47357;25.624786
270.9384;26.950523
267.40997;28.309229
263.88885;29.700907
260.3755;31.125504
256.87054;32.583008
253.37456;34.07334
249.88799;35.59653
246.41142;37.15252
242.94545;38.741264
239.49054;40.362762
236.04727;42.016964
232.61621;43.703842
229.19786;45.42337
225.79277;47.17552
222.4015;48.960255
219.02466;50.777523
215.66267;52.62734
212.31615;54.509644
208.98566;56.424393
205.67168;58.371593
202.37479;60.351192
199.09555;62.363155
195.83447;64.40746
192.59212;66.48408
189.36903;68.59298
186.1658;70.73411
182.9829;72.90747
179.82089;75.113014
176.68036;77.3507
173.56178;79.62054
170.46576;81.92246
167.39284;84.25642
164.3435;86.62244
161.31837;89.020454
158.31795;91.45044
155.3428;93.912346
152.39346;96.40618
149.47046;98.9319
146.62837;101.39757
143.97485;103.60626
141.3348;105.84726
138.70848;108.12029
136.0963;110.424965
133.49855;112.761
130.91553;115.12812
128.34763;117.52592
125.795135;119.95412
123.258354;122.41243
120.737686;124.90047
118.233376;127.417984
115.74584;129.96458
113.27536;132.53998
110.82223;135.14389
108.38685;137.77592
105.96952;140.43579
103.57052;143.12323
101.19026;145.83783
98.82903;148.57932
96.48712;151.34738
94.16494;154.14166
91.86278;156.96185
89.58092;159.80768
87.31976;162.67874
85.07962;165.57478
82.860756;168.4955
80.663605;171.44049
78.48843;174.40947
76.33553;177.40219
74.205315;180.41821
72.09804;183.45732
70.0141;186.5191
67.9538;189.60327
65.917404;192.7096
63.90535;195.83762
61.9179;198.98708
59.95536;202.1577
58.018127;205.34908
56.1065;208.56094
54.22077;211.793
52.36133;215.04486
50.528473;218.31622
48.722504;221.60684
46.94381;224.91629
45.192688;228.2443
43.469437;231.5906
41.774452;234.95474
40.108017;238.33652
38.470436;241.73563
36.862106;245.15161
35.283302;248.58429
33.734398;252.03326
32.215683;255.49823
30.727478;258.9789
29.270157;262.47488
27.844032;265.9859
26.449387;269.51172
25.086609;273.05185
23.756012;276.60608
22.457893;280.1741
21.19262;283.75552
19.96051;287.35007
18.761871;290.95746
17.597061;294.57727
16.4664;298.20923
15.3701935;301.8531
14.308807;305.5084
13.282547;309.17493
12.291733;312.8524
11.336716;316.54034
10.417801;320.23862
9.535355;323.94672
8.6896515;327.66443
7.8810577;331.39148
7.109909;335.12744
6.376526;338.872
5.681198;342.62494
5.0243225;346.38583
4.4061737;350.15442
3.8271027;353.93042
3.2874298;357.71338
2.7874908;361.50305
2.3276062;365.2992
1.9081268;369.10135
1.5293427;372.90924
1.1916046;376.7227
0.8952484;380.54114
0.6405945;384.3644
0.42796326;388.1922
0.25769043;392.0241
0.1301117;395.85992
0.045547485;399.69916
0.0043182373;403.5416
0.008987032;407.77853
0.07023696;412.3066
0.18900372;416.8057
0.36478072;421.2757
0.59705204;425.71625
0.88530993;430.12735
1.2290505;434.50888
1.6277527;438.8605
2.0809112;443.1822
2.5880249;447.47382
3.1485672;451.7351
3.7620356;455.96594
4.4279323;460.16626
5.145724;464.33575
5.9149113;468.47433
6.7349997;472.5819
7.6054487;476.6582
8.525782;480.70316
9.495456;484.71652
10.513975;488.69818
11.580847;492.648
12.695531;496.5658
13.857526;500.45142
15.066348;504.30475
16.321447;508.12552
17.622332;511.91364
18.968513;515.669
20.359442;519.39136
21.794622;523.08057
23.273571;526.7366
24.795732;530.3591
26.36062;533.94794
27.967754;537.5032
29.616556;541.0244
31.306562;544.51154
33.03728;547.9645
34.80814;551.38306
36.618702;554.7671
38.468384;558.11633
40.35671;561.4308
42.283203;564.7102
44.24729;567.9544
46.248486;571.16327
48.286335;574.3367
50.360233;577.47437
52.46971;580.5763
54.614277;583.6422
56.79344;586.6721
59.006653;589.66565
61.253338;592.6227
63.533134;595.54315
65.84545;598.4269
68.1897;601.2736
70.565544;604.0834
72.972374;606.8559
75.40961;609.59094
77.8769;612.28845
80.37365;614.9483
82.89928;617.5702
85.45344;620.1542
88.03552;622.69995
90.644936;625.2073
93.28136;627.6762
95.9442;630.10645
98.63283;632.4978
101.34692;634.8503
104.0859;637.1636
106.84926;639.4376
109.636345;641.6722
112.4469;643.8671
115.28026;646.02234
118.13584;648.1376
121.01335;650.21277
123.91218;652.2477
126.83168;654.2422
129.77158;656.19617
132.73123;658.1095
135.71005;659.9818
138.70773;661.8132
141.72365;663.6034
144.7572;665.3522
147.80806;667.0595
150.87564;668.72516
153.95932;670.34894
157.05879;671.9308
160.1735;673.4705
163.3027;674.9679
166.4462;676.42285
169.60332;677.8352
172.7735;679.2047
175.95644;680.53143
179.15149;681.815
182.35803;683.05524
185.57579;684.25214
188.80411;685.4055
192.04245;686.51514
195.29044;687.5809
198.54752;688.60254
201.813;689.5801
205.08669;690.5132
208.36783;691.40186
211.65594;692.24585
214.95067;693.045
218.25137;693.7992
221.55746;694.5082
224.86865;695.1719
228.1843;695.79016
231.50392;696.3628
234.82687;696.88965
238.1529;697.3706
241.48135;697.8055
244.81158;698.19403
248.14334;698.53625
251.47601;698.83185
254.80896;699.0807
258.1419;699.2827
261.4742;699.4377
264.8053;699.5454
268.13477;699.6059
271.7265;699.6182
276.1862;699.5688
280.61252;699.4521
285.00522;699.2689
289.364;699.01984
293.689;698.7055
297.97995;698.3268
302.23654;697.88416
306.45895;697.3785
310.64688;696.8103
314.80005;696.1804
318.91858;695.4894
323.0022;694.73804
327.05066;693.927
331.06406;693.0569
335.04214;692.1285
338.98462;691.1424
342.8916;690.09937
346.76288;689.00006
350.5981;687.8452
354.39746;686.6354
358.1606;685.37134
361.88733;684.05383
365.57776;682.6835
369.23157;681.26086
372.8485;679.78687
376.4287;678.262
379.97192;676.6871
383.47794;675.0627
386.94656;673.38965
390.37787;671.66846
393.77158;669.89996
397.12747;668.0848
400.44562;666.2236
403.72577;664.3171
406.96765;662.36597
410.1714;660.37085
413.33667;658.3325
416.46332;656.2517
419.55133;654.1289
422.60052;651.9649
425.6106;649.7605
428.5817;647.5161
431.51352;645.23267
434.40582;642.91077
437.25867;640.5511
440.07184;638.1543
442.84506;635.7212
445.57843;633.25226
448.2717;630.7483
450.92462;628.2101
453.53723;625.6381
456.10928;623.0332
458.64062;620.39606
461.1312;617.72723
463.5808;615.02747
465.98926;612.2976
468.35657;609.5381
470.6825;606.7497
472.96686;603.9332
475.2096;601.0891
477.4105;598.21826
479.56943;595.32135
481.68637;592.3989
483.76105;589.4517
485.79333;586.4806
487.78314;583.48596
489.73035;580.4686
491.63477;577.42926
493.4962;574.3687
495.31458;571.2874
497.08978;568.18616
498.82156;565.0657
500.50995;561.9266
502.15466;558.7696
503.75555;555.59546
505.31262;552.40466
506.82562;549.19806
508.2944;545.97644
509.71887;542.74023
511.09885;539.4902
512.4342;536.2272
513.72485;532.9516
514.9706;529.6643
516.17126;526.3661
517.3267;523.0575
518.43695;519.7391
519.50165;516.41187
520.5208;513.0762
521.4942;509.7329
522.42163;506.38284
523.30316;503.02637
524.13855;499.66437
524.9275;496.2976
525.6701;492.9265
526.3661;489.55188
527.0154;486.17456
527.6178;482.79504
528.17316;479.414
528.6814;476.03232
529.14233;472.65045
529.5559;469.26923
529.9219;465.88934
530.2401;462.51135
530.5105;459.136
530.7329;455.76416
530.90717;452.39618
531.0332;449.03293
531.1107;445.6751
531.1398;442.32343
531.12213;438.54416
531.0606;434.73993
530.9552;430.95825
530.8057;427.19897
530.6122;423.46237
530.3744;419.7487
530.0924;416.0578
529.766;412.38998
529.39514;408.74548
528.97974;405.12415
528.5197;401.52625
528.015;397.95206
527.4655;394.40143
526.8711;390.87463
526.23175;387.3719
525.5473;383.89313
524.81775;380.43857
524.04297;377.00848
523.22284;373.60272
522.3573;370.2216
521.4463;366.86526
520.4897;363.5337
519.4874;360.2271
518.43945;356.94574
517.3456;353.6895
516.2058;350.45862
515.0201;347.25336
513.7882;344.0736
512.51013;340.91962
511.18588;337.79156
509.8152;334.68945
508.39804;331.6135
506.93445;328.5639
505.42416;325.5406
503.8672;322.5438
502.2635;319.57376
500.61282;316.63043
498.91522;313.71396
497.17056;310.82452
495.37885;307.9624
493.53983;305.12744
491.6535;302.31995
489.71985;299.54004
487.73865;296.78778
485.70987;294.0633
483.6335;291.36682
481.50937;288.69836
479.33737;286.05804
477.11752;283.44617
474.84964;280.86267
472.53363;278.3077
470.16953;275.7816
467.75708;273.2842
465.29633;270.81577
462.7872;268.37653
460.22943;265.96643
457.6231;263.58566
454.96814;261.23444
452.26434;258.91278
449.51166;256.62085
446.71008;254.35886
443.8594;252.12677
440.9596;249.92482
438.01068;247.75317
435.01233;245.61185
431.96463;243.50104
428.86755;241.42091
425.7208;239.37149
422.5244;237.35297
419.2784;235.36552
415.98245;233.40918
412.6366;231.48409
409.24088;229.59048
405.79495;227.72835
402.29883;225.89786
398.75262;224.09921
395.15594;222.33246
391.50885;220.59776
387.81122;218.89523
384.0631;217.22504
380.26422;215.58722
376.41455;213.982
372.5141;212.40952
368.56262;210.86978
364.56012;209.363
360.5066;207.88937
356.40176;206.44888
352.24564;205.04172
348.03827;203.66808
343.7793;202.32797
339.46875;201.02159
335.10672;199.74907
330.69284;198.5105
326.2271;197.30606
321.70966;196.13586