244.45146;645.1516
242.55379;645.12646
240.65706;645.08466
238.76135;645.0262
236.86678;644.9511
234.97342;644.8595
233.08136;644.75134
231.19067;644.6267
229.30148;644.4856
227.41386;644.3282
225.52788;644.15436
223.64365;643.96423
221.76126;643.7579
219.88078;643.5353
218.0023;643.2965
216.12593;643.0416
214.25175;642.7707
212.37984;642.48364
210.5103;642.1806
208.6432;641.86163
206.77864;641.52673
204.91672;641.17596
203.05751;640.8094
201.20111;640.427
199.3476;640.02893
197.49707;639.6151
195.64963;639.1856
193.80533;638.74054
191.96428;638.2799
190.12657;637.8037
188.2923;637.3121
186.46152;636.805
184.63435;636.28253
182.81088;635.7447
180.99118;635.1916
179.17535;634.62317
177.3635;634.03955
175.55566;633.44073
173.75195;632.82684
171.9525;632.1978
170.15733;631.5537
168.36658;630.89465
166.58029;630.22064
164.79861;629.5317
163.02158;628.8279
161.2493;628.10925
159.48187;627.3758
157.71936;626.6276
155.96188;625.86475
154.2095;625.08716
152.46231;624.29504
150.72043;623.4883
148.98389;622.66705
147.25284;621.83136
145.52731;620.98114
143.80745;620.1166
142.0933;619.2377
140.38498;618.3444
138.68256;617.43695
136.98611;616.5152
135.29578;615.57935
133.6116;614.6293
131.93367;613.66516
130.26208;612.68695
128.59695;611.69476
126.93835;610.6886
125.28633;609.6686
123.64104;608.6346
122.00251;607.5868
120.37089;606.52527
118.74623;605.44995
117.1286;604.3609
115.51813;603.25824
113.91492;602.1419
112.319;601.0121
110.730484;599.86865
109.149475;598.7118
107.57605;597.54144
106.010315;596.3577
104.45233;595.16064
102.90219;593.9502
101.36;592.72656
99.82585;591.4896
98.299805;590.23956
96.78195;588.9764
95.272415;587.7
93.77127;586.41064
92.27858;585.1083
90.79445;583.79297
89.31897;582.46466
87.85222;581.12354
86.39432;579.76953
84.94531;578.4028
83.50531;577.02325
82.0744;575.631
80.65268;574.2261
79.24022;572.8086
77.83713;571.3785
76.44348;569.93585
75.05936;568.4808
73.684845;567.0132
72.32005;565.5332
70.96509;564.0409
69.61998;562.53625
68.28485;561.01935
66.95978;559.49023
65.64488;557.94885
64.34024;556.3954
63.0459;554.82983
61.76198;553.2522
60.488586;551.6626
59.22577;550.061
57.973648;548.4474
56.7323;546.822
55.50183;545.18475
54.282288;543.5357
53.07379;541.8749
51.87642;540.2024
50.690277;538.5182
49.515427;536.8224
48.351974;535.115
47.200012;533.3961
46.05957;531.66565
44.930847;529.9238
43.813858;528.17053
42.70871;526.4059
41.61548;524.62994
40.534225;522.8427
39.46512;521.04425
38.408173;519.2346
37.363525;517.4138
36.33127;515.5819
35.3114;513.73895
34.304123;511.885
33.30948;510.02002
32.327545;508.14417
31.358429;506.25742
30.402176;504.35977
29.45897;502.45142
28.528793;500.53223
27.611786;498.60236
26.708069;496.66187
25.817657;494.71066
24.940659;492.7489
24.07721;490.7766
23.227356;488.79382
22.391205;486.8006
21.568848;484.79697
20.760315;482.78296
19.96579;480.7586
19.185287;478.724
18.418945;476.67914
17.66684;474.62408
16.929;472.55893
16.205612;470.48364
15.496674;468.39825
14.802338;466.30292
14.122681;464.19754
13.457764;462.08224
12.807709;459.95706
12.172577;457.82202
11.55246;455.67722
10.947479;453.52264
10.357666;451.35834
9.783142;449.1844
9.224045;447.00076
8.680359;444.8076
8.152252;442.60486
7.639801;440.39264
7.143051;438.17096
6.6621704;435.93988
6.1971283;433.6994
5.748108;431.44962
5.315201;429.19055
4.8984375;426.9222
4.49794;424.64478
4.1138;422.35806
3.746109;420.06232
3.3949585;417.7575
3.0603943;415.4436
2.7425232;413.1208
2.4414825;410.789
2.1573029;408.44836
1.8901062;406.09885
1.6399536;403.74054
1.4069519;401.37347
1.1911926;398.99765
0.9927521;396.61322
0.8117523;394.2201
0.6482239;391.81842
0.5022888;389.4082
0.3740387;386.9894
0.2635498;384.56223
0.17089844;382.12662
0.09625244;379.68262
0.0395813;377.23032
0.0010681152;374.7697
-0.0147690065;372.8906
-0.018301552;371.03067
-0.0098362155;369.16776
0.010611311;367.302
0.04302612;365.4334
0.08739194;363.56213
0.14369445;361.6882
0.21191671;359.81168
0.29204395;357.93265
0.384062;356.05118
0.487953;354.16736
0.6037043;352.28122
0.7312972;350.39288
0.87071794;348.50238
1.0219527;346.6098
1.1849828;344.71524
1.3597963;342.81873
1.5463738;340.92035
1.7447019;339.0202
1.954767;337.11835
2.1765501;335.2148
2.4100394;333.30972
2.655215;331.40314
2.9120631;329.49515
3.1805737;327.5858
3.4607224;325.67514
3.7525022;323.76328
4.055889;321.85028
4.3708763;319.93622
4.6974363;318.02118
5.035569;316.1052
5.385252;314.18835
5.74647;312.27075
6.119196;310.35248
6.5034366;308.43353
6.899164;306.514
7.306354;304.59406
7.7250113;302.67365
8.15511;300.75287
8.596623;298.8319
9.0495615;296.91064
9.513891;294.9893
9.989602;293.06787
10.476666;291.14655
10.975089;289.22522
11.484848;287.30408
12.005909;285.3832
12.53829;283.4626
13.081956;281.54236
13.636878;279.62262
14.203071;277.70337
14.780504;275.7847
15.369165;273.8667
15.969018;271.9495
16.580082;270.03302
17.202326;268.11746
17.835714;266.2029
18.480268;264.28934
19.135958;262.37683
19.802744;260.46558
20.48065;258.5555
21.169643;256.64676
21.869705;254.7394
22.580805;252.83353
23.30296;250.92917
24.036148;249.0264
24.780317;247.12537
25.535503;245.22601
26.301664;243.3285
27.078773;241.43292
27.866846;239.53926
28.665848;237.64764
29.47577;235.75813
30.296568;233.87085
31.128277;231.98578
31.970854;230.10303
32.82426;228.22273
33.688534;226.34485
34.56363;224.46953
35.449535;222.59679
36.346203;220.72682
37.25367;218.85954
38.171913;216.99509
39.10087;215.1336
40.040577;213.27504
40.991005;211.41956
41.952106;209.56718
42.92392;207.71799
43.906395;205.87206
44.89953;204.02946
45.903275;202.19034
46.91767;200.3546
47.942673;198.52246
48.97824;196.69398
50.024406;194.86916
51.081135;193.04811
52.148388;191.23094
53.2262;189.41763
54.314514;187.60832
55.41333;185.80307
56.522614;184.00197
57.642384;182.20505
58.77261;180.41241
59.91323;178.62418
61.064316;176.8403
62.22582;175.0609
63.39766;173.28612
64.57992;171.51593
65.77254;169.75046
66.975494;167.98975
68.18875;166.23396
69.41235;164.48305
70.646255;162.73712
71.89042;160.99629
73.14486;159.26059
74.40957;157.53009
75.68447;155.80493
76.96963;154.08508
78.26501;152.37065
79.57056;150.66173
80.886246;148.95842
82.21214;147.26073
83.54817;145.56876
84.89431;143.8826
86.25058;142.20229
87.61695;140.5279
88.9934;138.85951
90.37989;137.19724
91.77647;135.54109
93.18307;133.89116
94.599655;132.24759
96.02629;130.61032
97.46292;128.97949
98.90947;127.355225
100.36601;125.73752
101.83251;124.126465
103.30894;122.522125
104.79524;120.92462
106.29147;119.333954
107.79758;117.750244
109.31353;116.173584
110.839355;114.60397
112.375015;113.041534
113.920456;111.48636
115.47573;109.93848
117.04082;108.39795
118.61567;106.86487
120.20023;105.339355
121.79458;103.82141
123.398636;102.31113
125.01239;100.808624
126.635864;99.3139
128.26903;97.82706
129.9118;96.348175
131.5643;94.87732
133.22641;93.41455
134.8981;91.95996
136.57939;90.51367
138.2703;89.07565
139.80074;87.787056
141.31172;86.52501
142.82846;85.26829
144.35092;84.01698
145.87915;82.771194
147.41313;81.531006
148.95294;80.29645
150.49861;79.06761
152.0501;77.84462
153.6075;76.62747
155.17082;75.416275
156.74005;74.21114
158.31528;73.012085
159.89648;71.81921
161.48372;70.63258
163.07695;69.45233
164.67628;68.27844
166.28172;67.11104
167.89323;65.950226
169.51093;64.79601
171.1348;63.648506
172.76482;62.50782
174.4011;61.37395
176.04362;60.247017
177.69243;59.127098
179.34749;58.01429
181.00891;56.908607
182.67668;55.81016
184.35078;54.719055
186.03134;53.635303
187.71832;52.559013
189.4117;51.490288
191.1116;50.42914
192.81801;49.375683
194.53094;48.329983
196.2504;47.29215
197.97647;46.262203
199.70915;45.24024
201.44841;44.226364
203.19438;43.2206
204.94702;42.22305
206.70634;41.23381
208.47244;40.25292
210.2453;39.280457
212.02493;38.316505
213.81134;37.361176
215.60463;36.41448
217.40477;35.476524
219.21176;34.54741
221.02573;33.627163
222.84662;32.715874
224.67447;31.813637
226.50928;30.920525
228.35114;30.036598
230.20004;29.161926
232.05597;28.29662
233.91904;27.440712
235.78923;26.594284
237.66652;25.757462
239.55103;24.930252
241.44272;24.112762
243.34164;23.305061
245.24774;22.507256
247.1612;21.719368
249.08194;20.941498
251.00995;20.173752
252.94537;19.416145
254.88815;18.668785
256.83832;17.93177
258.79593;17.205124
260.761;16.488953
262.73355;15.783325
264.71356;15.088341
266.70117;14.404037
268.6963;13.730492
270.69894;13.067825
272.7093;12.416046
274.72723;11.775284
276.7528;11.145599
278.78613;10.527046
280.82712;9.9197235
282.87585;9.323692
284.9323;8.739052
286.99664;8.165848
289.06873;7.604164
291.14862;7.0540924
293.23642;6.515686
295.3321;5.989029
297.43567;5.474205
299.54724;4.971283
301.66675;4.480316
303.79425;4.001419
305.92975;3.5346375
308.0733;3.0800629
310.22488;2.6377792
312.38464;2.207817
314.55246;1.7903137
316.7284;1.3852997
318.91263;0.9928436
321.10492;0.6130676
323.30548;0.24602509
324.17688;0.69579995
322.10022;2.9614127
320.075;5.2522035
318.10083;7.566883
316.17697;9.904531
314.30264;12.264231
312.47748;14.644685
310.7007;17.044975
308.9716;19.464193
307.28973;21.901035
305.65436;24.354582
304.0648;26.823929
302.5205;29.307766
301.02087;31.805182
299.5651;34.315266
298.15277;36.836708
296.78314;39.368595
295.45554;41.910027
294.16943;44.459686
292.92413;47.016666
291.71896;49.580055
290.55338;52.14854
289.4267;54.72135
288.33832;57.297176
287.2876;59.875095
286.27386;62.454216
285.29657;65.03322
284.355;67.61119
283.44852;70.18723
282.5766;72.76002
281.73853;75.32864
280.93362;77.89222
280.16135;80.449394
279.42105;82.9993
278.71204;85.541
278.03378;88.0732
277.38556;90.59498
276.76675;93.10542
276.17676;95.60324
275.61493;98.08765
275.08066;100.55733
274.5733;103.01136
274.09216;105.44887
273.6367;107.868515
273.20624;110.269394
272.80014;112.650604
272.4178;115.010826
272.05856;117.34917
271.7218;119.66469
271.4069;121.95611
271.1132;124.2225
270.84006;126.46295
270.58688;128.67618
270.35303;130.86125
270.13785;133.01724
269.94073;135.14287
269.76102;137.23721
269.5981;139.29936
269.45135;141.32802
269.3201;143.32236
269.20377;145.28116
269.10168;147.20343
269.0132;149.08829
268.93774;150.93445
268.87463;152.74098
268.82324;154.50693
268.78296;156.23108
268.7531;157.91248
268.73315;159.55014
268.72235;161.14287
268.72012;162.68971
268.72586;164.18971
268.73886;165.64166
268.75854;167.04459
268.78427;168.39752
268.8154;169.69928
268.85132;170.9489
268.89136;172.14537
268.93494;173.28754
268.98132;174.37451
269.03003;175.40509
269.0803;176.37833
269.1316;177.29318
269.1832;178.14853
269.23453;178.94339
269.2849;179.67676
269.3338;180.34752
269.3805;180.95462
269.42438;181.49713
269.46478;181.97385
269.5011;182.38385
269.53278;182.72604
269.55908;182.9994
269.5794;183.20287
269.59308;183.33542
269.59955;183.39598
269.61313;183.40193
269.68127;183.41214
269.80685;183.43132
269.98914;183.45972
270.22723;183.49753
270.52042;183.54498
270.86786;183.60233
271.26874;183.66977
271.72226;183.74754
272.22766;183.83588
272.78406;183.93498
273.39075;184.04509
274.04688;184.16643
274.75162;184.29924
275.5042;184.44371
276.3039;184.60011
277.14978;184.76863
278.04108;184.94952
278.97708;185.143
279.95688;185.34929
280.97974;185.56862
282.0448;185.8012
283.15128;186.04727
284.29843;186.30707
285.48538;186.5808
286.71133;186.86868
287.9756;187.17099
289.27722;187.48788
290.61545;187.81963
291.98956;188.16646
293.39865;188.52856
294.84195;188.9062
296.31873;189.29959
297.82806;189.70894
299.3692;190.13449
300.94147;190.57648
302.54382;191.0351
304.1757;191.51062
305.8361;192.0032
307.5243;192.51312
309.23956;193.04063
310.981;193.58588
312.7478;194.14914
314.5393;194.73065
316.35452;195.33058
318.19272;195.9492
320.05322;196.58676
321.93503;197.24342
323.83743;197.91945
325.75974;198.61508
327.70093;199.33049
329.6603;200.06595
331.63718;200.82169
333.63055;201.59789
335.6397;202.39479
337.66394;203.21268
339.70224;204.0517
341.75406;204.91214
343.81833;205.79416
345.8944;206.69801
347.98154;207.624
350.07877;208.5722
352.18536;209.54294
354.30063;210.53647
356.42358;211.55292
358.55347;212.59256
360.6897;213.6557
362.83112;214.74242
364.97717;215.853
367.12708;216.98775
369.27982;218.14676
371.43475;219.33032
373.59113;220.53873
375.74796;221.77206
377.90454;223.03064
380.06024;224.31473
382.21396;225.62442
384.36514;226.96011
386.5128;228.32185
388.65616;229.70995
390.7946;231.1247
392.92706;232.56618
395.05292;234.0347
397.1714;235.53055
399.2815;237.0538
401.38257;238.60478
403.47388;240.18378
405.55444;241.79085
407.62354;243.4263
409.68048;245.09048
411.72424;246.78339
413.75415;248.50537
415.7695;250.25673
417.76926;252.0375
419.75287;253.84814
421.7193;255.68863
423.66788;257.55933
425.59787;259.46054
427.5083;261.3923
429.39844;263.35492
431.26764;265.34875
433.1148;267.3738
434.93933;269.43042
436.74048;271.5189
438.5172;273.63928
440.2689;275.79187
441.99475;277.97702
443.69388;280.19476
445.36548;282.44537
447.0089;284.72925
448.6231;287.04636
450.2075;289.39706
451.76123;291.78168
453.2834;294.20023
454.77332;296.65314
456.2301;299.1404
457.65295;301.6624
459.0412;304.21945
460.39386;306.81152
461.71027;309.439
462.98956;312.10223
464.23096;314.80112
465.4336;317.53607
466.5968;320.3075
467.71964;323.1153
468.80136;325.9598
469.84122;328.84143
470.83832;331.76013
471.7095;334.4516
472.38666;336.62323
473.04333;338.79407
473.67972;340.9642
474.29578;343.13336
474.8916;345.30154
475.4673;347.46878
476.02286;349.63477
476.55838;351.79953
477.07397;353.9631
477.56964;356.12518
478.04547;358.28577
478.50156;360.4449
478.9379;362.60223
479.35458;364.75787
479.75174;366.9118
480.12933;369.0637
480.4875;371.2136
480.82626;373.3615
481.1457;375.50717
481.4459;377.65057
481.7269;379.79175
481.98877;381.9304
482.23157;384.06665
482.45538;386.20016
482.66025;388.33102
482.84625;390.45923
483.01346;392.58447
483.16193;394.7068
483.2917;396.82617
483.40286;398.94235
483.49548;401.05533
483.56964;403.16513
483.62537;405.27145
483.66272;407.37436
483.68182;409.47382
483.68268;411.56952
483.66537;413.66153
483.62997;415.74988
483.57657;417.83423
483.50516;419.9147
483.4159;421.99103
483.30875;424.06323
483.18387;426.1313
483.04126;428.19495
482.881;430.2542
482.7032;432.3091
482.50784;434.3593
482.29507;436.4049
482.06488;438.44583
481.8174;440.48184
481.55267;442.51294
481.27072;444.53918
480.97168;446.5602
480.65558;448.57605
480.32245;450.5868
479.9724;452.59207
479.6055;454.59192
479.22177;456.5864
478.82132;458.57513
478.40417;460.55832
477.97046;462.53564
477.52017;464.50708
477.0534;466.47272
476.57025;468.43225
476.07074;470.38562
475.5549;472.33295
475.0229;474.2739
474.47473;476.20844
473.91043;478.13666
473.33014;480.05823
472.7339;481.9732
472.1217;483.88156
471.4937;485.78302
470.84995;487.67758
470.19046;489.5653
469.51538;491.44586
468.8247;493.3193
468.11847;495.1856
467.39685;497.0445
466.65982;498.89612
465.90747;500.74017
465.13992;502.5766
464.35712;504.40555
463.55923;506.22662
462.74628;508.03992
461.9183;509.84534
461.07547;511.6427
460.21774;513.432
459.34515;515.21326
458.4579;516.9861
457.55597;518.7506
456.6394;520.50684
455.7083;522.25446
454.76276;523.99347
453.80273;525.72394
452.82843;527.4455
451.83978;529.1583
450.83698;530.8621
449.82;532.5569
448.78894;534.2427
447.74384;535.9192
446.6848;537.58636
445.61182;539.24426
444.52505;540.8927
443.42456;542.5315
442.31024;544.1609
441.1824;545.7804
440.04095;547.39014
438.88596;548.99005
437.7176;550.57996
436.53583;552.1598
435.3407;553.7296
434.1324;555.2891
432.91086;556.8383
431.67615;558.3772
430.4285;559.9055
429.16776;561.42334
427.89417;562.9305
426.6077;564.4269
425.30835;565.9125
423.99637;567.38715
422.67175;568.8508
421.3344;570.30347
419.98462;571.74493
418.62234;573.1751
417.2476;574.59406
415.8606;576.00146
414.4613;577.3974
413.0497;578.78174
411.62604;580.1544
410.19028;581.5153
408.74243;582.86444
407.2827;584.20154
405.811;585.52673
404.32758;586.8397
402.8324;588.1405
401.32538;589.4291
399.80685;590.7053
398.27673;591.969
396.73505;593.2202
395.18198;594.4588
393.61755;595.6847
392.04175;596.8978
390.45477;598.098
388.8566;599.2852
387.24722;600.4595
385.6269;601.6205
383.99554;602.7684
382.35324;603.90295
380.70013;605.02405
379.03625;606.1317
377.36154;607.2259
375.67627;608.3064
373.98026;609.37317
372.2738;610.426
370.55698;611.465
368.82956;612.4901
367.09192;613.50104
365.344;614.4978
363.58575;615.4804
361.8175;616.4486
360.03912;617.40234
358.25067;618.3417
356.45233;619.26636
354.6441;620.1764
352.82596;621.0717
350.99817;621.95215
349.16068;622.8176
347.31345;623.6681
345.45676;624.5034
343.5905;625.3236
341.7148;626.12854
339.8298;626.9181
337.93536;627.69214
336.03183;628.45074
334.11908;629.1936
332.1971;629.9209
330.2662;630.6323
328.32635;631.32794
326.37747;632.00757
324.4198;632.67114
322.4533;633.3186
320.4781;633.9498
318.49423;634.5647
316.5018;635.1632
314.5007;635.74536
312.4913;636.3108
310.47345;636.8597
308.44714;637.3918
306.41272;637.9071
304.36993;638.4055
302.31915;638.8869
300.26025;639.3512
298.19324;639.79846
296.1184;640.2284
294.03564;640.641
291.945;641.03613
289.84668;641.4138
287.74066;641.7739
285.6269;642.11633
283.50574;642.44104
281.377;642.7478
279.24078;643.0367
277.0973;643.30756
274.94647;643.5603
272.78833;643.7949
270.6231;644.0112
268.45074;644.2091
266.2713;644.3887
264.08493;644.54956
261.89154;644.69196
259.6914;644.8156
257.4845;644.9205
255.27072;645.0065
253.05042;645.0735
250.8235;645.12146
248.58997;645.1503
246.35;645.16