317.16046;194.10068
317.17853;193.1399
317.19504;192.1188
317.211;191.03856
317.22726;189.90027
317.24478;188.70511
317.26447;187.45418
317.28723;186.14865
317.31396;184.78964
317.3456;183.37831
317.38306;181.91579
317.42728;180.40321
317.47913;178.84172
317.53952;177.23247
317.60944;175.57657
317.68973;173.87518
317.78134;172.12946
317.8852;170.3405
318.00217;168.50948
318.1332;166.63751
318.27924;164.72575
318.44116;162.77534
318.61987;160.78743
318.8163;158.76312
319.0314;156.70358
319.26602;154.60995
319.52115;152.48337
319.79764;150.32497
320.0964;148.1359
320.41843;145.91727
320.76456;143.67026
321.13574;141.396
321.53287;139.0956
321.9569;136.77023
322.40872;134.42102
322.88925;132.0491
323.39938;129.65564
323.94006;127.24176
324.51224;124.80859
325.11673;122.357285
325.75455;119.888985
326.42654;117.4048
327.13367;114.905914
327.87683;112.39345
328.65692;109.86853
329.4749;107.33232
330.33167;104.78594
331.2281;102.23053
332.16516;99.66725
333.14374;97.09722
334.16476;94.52159
335.22916;91.9415
336.3378;89.35808
337.49164;86.77247
338.6916;84.18581
339.93857;81.59924
341.23346;79.01393
342.5772;76.43099
343.97076;73.85153
345.41495;71.27675
346.91074;68.70778
348.45908;66.14572
350.06082;63.59172
351.71692;61.046967
353.42825;58.512527
355.19577;55.98961
357.0204;53.47931
358.903;50.982773
360.84454;48.50116
362.84592;46.035583
364.90805;43.587204
367.03186;41.157166
368.69962;39.30906
370.15314;37.742992
371.67422;36.145065
373.25757;34.52134
374.89777;32.877834
376.58942;31.220612
378.32712;29.555714
380.10553;27.889185
381.91925;26.227072
383.76288;24.575432
385.63107;22.940285
387.5184;21.327694
389.4195;19.743696
391.32895;18.194342
393.2414;16.68569
395.15146;15.223759
397.05374;13.81461
398.94287;12.464281
400.81345;11.178825
402.66006;9.964293
404.4774;8.826712
406.25998;7.7721405
408.0025;6.8066177
409.78775;5.8880243
411.8172;4.2527676
412.40714;2.5116816
411.58252;1.0158634
409.36844;0.11640072
406.70132;0.013777484
404.60205;0.051122338
402.49747;0.10154708
400.3877;0.16504511
398.27286;0.24160883
396.15305;0.33123094
394.02847;0.43390417
391.8992;0.54962045
389.7654;0.67837393
387.62717;0.8201567
385.48465;0.9749616
383.33795;1.1427808
381.18726;1.3236076
379.03265;1.5174332
376.87424;1.7242541
374.71222;1.9440577
372.5467;2.1768398
370.37775;2.4225955
368.20557;2.6813114
366.0302;2.9529877
363.85193;3.2376091
361.67078;3.5351717
359.48682;3.8456738
357.3003;4.169098
355.11127;4.5054464
352.91992;4.8547034
350.72635;5.216866
348.53064;5.5919304
346.333;5.9798803
344.1335;6.38072
341.93234;6.7944303
339.72958;7.221009
337.52536;7.6604548
335.31982;8.11275
333.1131;8.577898
330.90533;9.055879
328.69662;9.546691
326.4871;10.050339
324.27692;10.566793
322.06616;11.096066
319.85504;11.638137
317.64362;12.193003
315.432;12.760664
313.2204;13.341099
311.00885;13.934317
308.79758;14.540293
306.58667;15.159029
304.37622;15.790525
302.1664;16.43476
299.9573;17.091738
297.74915;17.761438
295.54196;18.44386
293.33588;19.13901
291.1311;19.846857
288.9277;20.567417
286.72583;21.30066
284.52563;22.046587
282.32715;22.805206
280.13065;23.576487
277.93613;24.360443
275.74384;25.157043
273.55377;25.966309
271.36618;26.788204
269.18115;27.622738
266.99878;28.469904
264.8192;29.329683
262.6426;30.202091
260.4691;31.087093
258.29877;31.984688
256.13177;32.894894
253.96823;33.81767
251.80827;34.75303
249.65204;35.70095
247.49966;36.66144
245.35123;37.6345
243.20694;38.620083
241.06685;39.618225
238.93115;40.628887
236.79996;41.652077
234.67336;42.687798
232.55151;43.73602
230.43454;44.796757
228.32259;45.86998
226.21579;46.95568
224.11423;48.053898
222.01808;49.164566
219.92746;50.287712
217.84251;51.42331
215.76334;52.571358
213.69003;53.731876
211.62283;54.904797
209.56175;56.090187
207.507;57.287975
205.4587;58.498188
203.41692;59.720814
201.38185;60.955833
199.35358;62.203266
197.33229;63.463062
195.31805;64.735245
193.311;66.01981
191.31131;67.31674
189.31908;68.62604
187.33443;69.94767
185.35748;71.28166
183.38843;72.627975
181.42737;73.98662
179.47437;75.35759
177.52963;76.74087
175.59325;78.13647
173.66537;79.54435
171.74612;80.96454
169.8356;82.39702
167.93402;83.84176
166.0414;85.29879
164.15794;86.76807
162.28377;88.2496
160.41898;89.7434
158.56372;91.24943
156.71811;92.767715
154.88231;94.29819
153.05643;95.8409
151.24057;97.395836
149.4349;98.96297
147.63953;100.5423
145.96375;101.9467
144.32198;103.31484
142.6854;104.69534
141.05399;106.0882
139.42786;107.49331
137.8071;108.910576
136.19183;110.339905
134.58205;111.78128
132.97786;113.234604
131.37938;114.699745
129.78662;116.17672
128.1997;117.665405
126.61874;119.16569
125.04372;120.67757
123.47476;122.20094
121.91196;123.73572
120.355415;125.281784
118.80513;126.83916
117.26123;128.40771
115.72382;129.98734
114.19292;131.578
112.66861;133.17966
111.15105;134.79213
109.640205;136.41545
108.136215;138.0495
106.639145;139.6942
105.149124;141.34943
103.66614;143.0152
102.19031;144.6914
100.721756;146.3779
99.260475;148.0747
97.806595;149.78172
96.360214;151.49881
94.92134;153.22598
93.490105;154.96312
92.06656;156.71014
90.65085;158.46695
89.24294;160.23355
87.84298;162.0098
86.45108;163.7956
85.067215;165.59096
83.691536;167.39575
82.32413;169.20985
80.96503;171.0333
79.61432;172.86594
78.272095;174.70773
76.93847;176.5585
75.61344;178.41833
74.297134;180.28705
72.989655;182.16457
71.69102;184.05087
70.40132;185.94586
69.12065;187.84946
67.84913;189.7615
66.586754;191.6821
65.33363;193.61102
64.08989;195.54822
62.85553;197.49368
61.63067;199.4473
60.415405;201.40892
59.209763;203.3786
58.013847;205.3562
56.827736;207.34164
55.65155;209.33481
54.485283;211.3357
53.32907;213.34421
52.18299;215.36023
51.04709;217.38373
49.921448;219.41464
48.806206;221.45282
47.701347;223.49829
46.60701;225.5509
45.52324;227.6106
44.450172;229.67728
43.387817;231.75092
42.336273;233.83142
41.29567;235.91864
40.266014;238.01263
39.247383;240.11325
38.23993;242.2204
37.243668;244.33401
36.258682;246.4541
35.28504;248.58047
34.32289;250.71304
33.37224;252.85187
32.433174;254.99677
31.505798;257.14764
30.590172;259.3045
29.68637;261.46725
28.794487;263.63574
27.914581;265.81003
27.046753;267.9899
26.191055;270.17538
25.347588;272.3663
24.516418;274.56268
23.697617;276.7644
22.891281;278.97134
22.097458;281.1835
21.316269;283.4008
20.547752;285.6231
19.792007;287.85034
19.049118;290.0825
18.319138;292.31946
17.602173;294.56113
16.898254;296.80753
16.207504;299.05844
15.530014;301.31384
14.865799;303.57373
14.214981;305.83795
13.577637;308.10648
12.953842;310.37915
12.343643;312.65598
11.747177;314.9369
11.164505;317.22168
10.595657;319.51047
10.040741;321.80304
9.499863;324.09933
8.973038;326.39935
8.460403;328.70297
7.9620056;331.01007
7.477951;333.3206
7.0082855;335.63452
6.5531006;337.95172
6.1124725;340.27213
5.6864777;342.5957
5.2751923;344.92236
4.878708;347.25192
4.4970856;349.58447
4.130417;351.91986
3.778778;354.258
3.4422302;356.59875
3.1208649;358.9422
2.8147583;361.28818
2.524002;363.63654
2.2486267;365.98737
1.9887695;368.34045
1.7444763;370.6958
1.5158234;373.05322
1.3029022;375.4128
1.1057892;377.7744
0.9245758;380.13782
0.7592926;382.50317
0.6100464;384.87033
0.47694397;387.23907
0.36001587;389.60953
0.25933838;391.98154
0.17503357;394.355
0.107162476;396.7298
0.055786133;399.10596
0.020980835;401.4834
0.0028533936;403.86194
0.001937185;406.42453
0.022354603;409.2357
0.06493412;412.0357
0.12955713;414.82468
0.21610188;417.6025
0.32444742;420.36917
0.45446905;423.1245
0.6060529;425.86868
0.7790749;428.60156
0.9734084;431.32303
1.1889433;434.0332
1.4255532;436.73193
1.6831106;439.4192
1.961508;442.095
2.2606182;444.7593
2.58032;447.41205
2.9204829;450.05313
3.281005;452.68265
3.661755;455.30048
4.0626035;457.90656
4.483448;460.50092
4.92416;463.08353
5.384604;465.65424
5.8646846;468.21317
6.364269;470.7602
6.883236;473.2953
7.42145;475.81833
7.9788194;478.32944
8.555205;480.8285
9.150478;483.3154
9.764542;485.79025
10.397264;488.25296
11.048522;490.70346
11.718176;493.14166
12.406143;495.56763
13.112284;497.98132
13.836458;500.38263
14.578583;502.77155
15.338516;505.1481
16.11612;507.51212
16.911312;509.86368
17.723953;512.20276
18.55392;514.5292
19.401073;516.843
20.265333;519.1442
21.146557;521.43274
22.044598;523.7085
22.959385;525.97156
23.890778;528.22186
24.838621;530.4592
25.80285;532.6837
26.783321;534.8954
27.779907;537.0941
28.792461;539.2797
29.820923;541.45245
30.865135;543.61206
31.924953;545.75854
33.00032;547.89197
34.091072;550.0122
35.197067;552.11914
36.318237;554.21295
37.454445;556.29346
38.60556;558.3606
39.77144;560.41437
40.952003;562.4548
42.147118;564.4818
43.35663;566.49524
44.58047;568.49524
45.818497;570.4817
47.07055;572.4545
48.336582;574.4138
49.616436;576.3594
50.90998;578.29126
52.21708;580.2094
53.53766;582.1138
54.871555;584.00433
56.21873;585.8811
57.578926;587.7439
58.952103;589.59283
60.338192;591.42786
61.736958;593.2488
63.14832;595.05566
64.57226;596.84863
66.00848;598.6273
67.45704;600.392
68.91763;602.1424
70.39024;603.8786
71.87482;605.6006
73.37108;607.3082
74.878975;609.0015
76.39849;610.68054
77.92932;612.34503
79.47142;613.9951
81.024765;615.63074
82.58908;617.25183
84.16431;618.85834
85.75041;620.4503
87.34712;622.0276
88.95436;623.5902
90.57215;625.1382
92.20014;626.6713
93.83835;628.1897
95.4867;629.69336
97.14492;631.182
98.81306;632.6559
100.49082;634.1148
102.17818;635.5587
103.87507;636.9877
105.58124;638.4015
107.29662;639.80023
109.02121;641.18396
110.75468;642.5524
112.49702;643.90576
114.24819;645.2439
116.007904;646.56665
117.7761;647.87415
119.55277;649.1664
121.337585;650.4431
123.13057;651.70447
124.93165;652.9504
126.740555;654.1807
128.5573;655.3956
130.38162;656.595
132.21349;657.77856
134.05284;658.94666
135.8994;660.09906
137.7531;661.23566
139.614;662.35657
141.48167;663.4617
143.35619;664.5509
145.23746;665.6243
147.12524;666.68176
149.01944;667.7233
150.92007;668.7489
152.82681;669.7584
154.73961;670.75183
156.65848;671.72925
158.5831;672.69055
160.51343;673.6356
162.44946;674.56445
164.39087;675.4771
166.33774;676.3735
168.28973;677.2535
170.24683;678.1172
172.20908;678.9644
174.17606;679.7953
176.14778;680.6096
178.12424;681.4075
180.10512;682.18884
182.0904;682.9536
184.08002;683.70166
186.07372;684.43317
188.07143;685.1479
190.07312;685.84595
192.07852;686.5272
194.08759;687.19165
196.10031;687.83923
198.11633;688.47003
200.13562;689.0838
202.15826;689.68066
204.1838;690.26056
206.21243;690.82336
208.24374;691.36914
210.27774;691.89777
212.31447;692.4093
214.35355;692.90356
216.39491;693.38074
218.4386;693.8406
220.4843;694.2831
222.53192;694.7083
224.58156;695.1162
226.63278;695.5066
228.68564;695.87964
230.74005;696.23517
232.79575;696.5731
234.85269;696.8936
236.91089;697.1965
238.96994;697.4817
241.03004;697.7492
243.09073;697.999
245.1521;698.23114
247.21408;698.44543
249.27638;698.64197
251.33893;698.8206
253.40173;698.9813
255.46451;699.12415
257.52716;699.24896
259.58972;699.35583
261.65186;699.4446
263.71356;699.5153
265.77478;699.56793
267.8352;699.6024
269.89484;699.6186
272.38763;699.6152
275.1486;699.58636
277.89673;699.53174
280.63214;699.4515
283.35452;699.3457
286.06415;699.2146
288.76068;699.0583
291.44424;698.8771
294.1149;698.67096
296.77237;698.4401
299.41678;698.1849
302.0482;697.9052
304.66632;697.6013
307.27124;697.2735
309.86313;696.9217
312.4416;696.54626
315.00677;696.1473
317.55878;695.7249
320.09732;695.27936
322.62244;694.8107
325.1343;694.31915
327.63257;693.80493
330.1175;693.26807
332.58875;692.70886
335.04648;692.1274
337.49072;691.5238
339.92126;690.8984
342.3381;690.25116
344.74142;689.58234
347.1309;688.8921
349.5066;688.1806
351.86865;687.448
354.21677;686.69446
356.55103;685.9201
358.87152;685.1251
361.17798;684.30975
363.47046;683.47406
365.7491;682.61816
368.0136;681.74243
370.26407;680.8468
372.50055;679.9315
374.7228;678.9968
376.93103;678.0428
379.12494;677.0696
381.30463;676.0774
383.47018;675.06635
385.62134;674.0367
387.75818;672.9885
389.88077;671.92194
391.9889;670.8372
394.08258;669.7345
396.1619;668.6139
398.22665;667.47565
400.2769;666.3198
402.31268;665.1466
404.33377;663.95624
406.3402;662.74884
408.33215;661.5245
410.3093;660.28345
412.27173;659.0259
414.21948;657.7519
416.15237;656.4617
418.07056;655.15533
419.97375;653.8332
421.86206;652.4953
423.7356;651.1417
425.59406;649.7728
427.4375;648.3887
429.26605;646.9893
431.07947;645.57513
432.87775;644.1462
434.66107;642.7025
436.42908;641.2445
438.18195;639.7722
439.91968;638.2857
441.64206;636.7854
443.34918;635.2712
445.04105;633.74335
446.71747;632.2021
448.3786;630.6474
450.02423;629.0797
451.6544;627.499
453.26917;625.9054
454.86835;624.2992
456.45197;622.68054
458.02008;621.0495
459.57245;619.4063
461.10922;617.7511
462.63037;616.08405
464.1357;614.4053
465.6253;612.7151
467.0992;611.0134
468.5572;609.30066
469.99933;607.5768
471.42566;605.84204
472.836;604.0967
474.2304;602.3407
475.60886;600.57434
476.97122;598.7978
478.3176;597.0111
479.64783;595.2146
480.96198;593.4084
482.25998;591.59247
483.54175;589.7673
484.8073;587.9328
486.05667;586.08923
487.2897;584.23676
488.5064;582.37555
489.70685;580.5056
490.89075;578.6274
492.05832;576.74084
493.20947;574.8461
494.34406;572.94354
495.46213;571.0332
496.56372;569.1151
497.64862;567.1897
498.717;565.2569
499.76868;563.317
500.80365;561.3702
501.82196;559.4164
502.8235;557.4562
503.8082;555.4894
504.77612;553.5162
505.72717;551.53687
506.66135;549.55164
507.5786;547.5604
508.47888;545.5637
509.36218;543.5614
510.2285;541.5537
511.07773;539.5409
511.90985;537.5231
512.7249;535.50024
513.52277;533.4729
514.30347;531.4409
515.0669;529.40454
515.8131;527.364
516.54205;525.3194
517.25366;523.271
517.9479;521.2188
518.62476;519.16296
519.2842;517.1039
519.92615;515.0415
520.55066;512.97595
521.15765;510.90765
521.747;508.83655
522.3189;506.76276
522.8731;504.68668
523.40967;502.60834
523.9285;500.52777
524.4297;498.44537
524.913;496.3612
525.37866;494.27533
525.8264;492.1881
526.25635;490.0995
526.6684;488.00986
527.0625;485.91925
527.4387;483.82776
527.7969;481.73575
528.137;479.64325
528.4591;477.5503
528.7631;475.45734
529.049;473.36438
529.3167;471.2715
529.5663;469.17908
529.7976;467.08716
530.0106;464.9958
530.20544;462.90533
530.3819;460.8159
530.54004;458.72745
530.6797;456.64044
530.80096;454.55493
530.9038;452.47095
530.98816;450.38885
531.054;448.30862
531.1013;446.23062
531.12994;444.1549
531.14;442.08154
531.13226;439.72372
531.1078;437.36252
531.06647;435.0097
531.0083;432.66562
530.93335;430.33014
530.8415;428.00317
530.7328;425.68503
530.6071;423.37555
530.46454;421.0747
530.30505;418.78275
530.12854;416.49957
529.9351;414.2251
529.7246;411.9596
529.49713;409.703
529.25256;407.45517
528.9909;405.21643
528.7122;402.98654
528.4164;400.76578
528.1034;398.55405
527.77325;396.35126
527.426;394.1577
527.0615;391.97327
526.6798;389.79788
526.2809;387.6318
525.8647;385.47495
525.4312;383.3272
524.98047;381.18887
524.5124;379.05984
524.027;376.94006
523.52423;374.82974
523.0041;372.72885
522.4665;370.63727
521.91156;368.55527
521.3391;366.48264
520.74927;364.41965
520.1419;362.3662
519.517;360.32227
518.87463;358.28802
518.2148;356.26346
517.53723;354.24844
516.8422;352.24323
516.1295;350.24777
515.39923;348.26196
514.6513;346.28607
513.8857;344.32
513.10236;342.3637
512.3014;340.4174
511.48267;338.481
510.64618;336.55444
509.79193;334.638
508.91992;332.73154
508.03006;330.83502
507.1224;328.9487
506.19684;327.07236
505.25348;325.20627
504.2922;323.35034
503.31296;321.5045
502.31586;319.669
501.30078;317.84375
500.2677;316.0287
499.21664;314.224
498.1476;312.4297
497.06046;310.6457
495.95532;308.87216
494.83212;307.10907
493.69073;305.35638
492.5313;303.61426
491.35376;301.88266
490.15796;300.16156
488.94406;298.4511
487.71188;296.75122
486.46155;295.06204
485.193;293.38358
483.9061;291.7157
482.601;290.0587
481.2776;288.41248
479.9358;286.77692
478.5757;285.1523
477.1973;283.53857
475.80038;281.9356
474.38516;280.3437
472.9515;278.76273
471.49936;277.19266
470.02878;275.6337
468.53973;274.0858
467.0321;272.54886
465.50604;271.02313
463.9614;269.50854
462.3981;268.00507
460.8163;266.51282
459.21585;265.03174
457.5968;263.562
455.95914;262.10358
454.30267;260.65637
452.62766;259.2206
450.9339;257.7962
449.2213;256.38318
447.49008;254.98166
445.74005;253.59161
443.97113;252.21298
442.18353;250.84598
440.37704;249.49052
438.55164;248.1466
436.70746;246.81439
434.84436;245.49382
432.96225;244.18486
431.0613;242.88771
429.14142;241.60228
427.20242;240.32858
425.24454;239.06674
423.26752;237.8167
421.27158;236.57858
419.25656;235.35236
417.22235;234.13802
415.1692;232.93567
413.09686;231.74536
411.0053;230.56697
408.89465;229.40073
406.7649;228.24657
404.61572;227.10443
402.4475;225.97452
400.26;224.85675
398.05316;223.75116
395.8271;222.65787
393.5818;221.57684
391.31696;220.50803
389.03296;219.45163
386.72943;218.4075
384.40668;217.37587
382.06448;216.3566
379.70276;215.34976
377.32166;214.35542
374.9211;213.37363
372.50095;212.4043
370.0614;211.4476
367.6023;210.50351
365.12354;209.57199
362.6253;208.65317
360.10754;207.74707
357.56995;206.8536
355.0129;205.97299
352.43622;205.10513
349.83966;204.25006
347.22357;203.40787
344.58777;202.57854
341.93207;201.76208
339.25677;200.9586
336.56152;200.16806
333.84668;199.39053
331.11194;198.62605
328.35727;197.87459
325.58282;197.13625
322.78857;196.41101
319.97418;195.69891
317.14;195.0