317.18277;192.89023
317.21902;190.4766
317.2593;187.77208
317.31396;184.78964
317.39343;181.5423
317.5082;178.043
317.66864;174.30473
317.8852;170.34048
318.16827;166.16325
318.52835;161.78601
318.97583;157.22171
319.52115;152.48337
320.1747;147.58397
320.94696;142.53647
321.84833;137.35385
322.88925;132.0491
324.08014;126.63523
325.43143;121.12518
326.95355;115.53197
328.65692;109.86853
330.552;104.14789
332.6492;98.383
334.95892;92.58687
337.49164;86.772446
340.25775;80.952774
343.2677;75.140755
346.53192;69.349396
350.06082;63.59172
353.86484;57.880676
357.95438;52.229233
362.3399;46.65042
367.03186;41.15715
370.52728;37.346256
374.0709;33.701675
377.88867;29.97233
381.91925;26.227083
386.10132;22.534784
390.3735;18.964317
394.67447;15.584522
398.94287;12.464281
398.94287;12.464281
399.22476;12.267178
399.50623;12.07156
399.78723;11.877434
400.06778;11.684841
400.34784;11.493776
400.62738;11.304277
400.90637;11.116365
401.18484;10.93005
401.46277;10.7453575
401.74008;10.562315
402.0168;10.380928
402.2929;10.201235
402.5684;10.023237
402.8432;9.846964
403.11734;9.672443
403.3908;9.499681
403.66354;9.328712
403.93558;9.159542
404.20688;8.992199
404.4774;8.826712
404.74713;8.663084
405.01605;8.501343
405.28418;8.341518
405.55145;8.183617
405.81787;8.027668
406.08344;7.8736877
406.3481;7.721695
406.61188;7.5717163
406.8747;7.423767
407.1366;7.2778625
407.39752;7.1340446
407.65747;6.992302
407.9164;6.852688
408.17435;6.7151947
408.43124;6.579857
408.68707;6.446697
408.94186;6.315727
409.19553;6.1869774
409.44812;6.060459
409.78775;5.8880243
410.1849;5.6632886
410.54922;5.429447
410.88074;5.1877065
411.17957;4.939229
411.44577;4.68521
411.67944;4.4268475
411.88068;4.1653028
412.04956;3.9017713
412.18616;3.6374512
412.29056;3.373503
412.36282;3.1111238
412.4031;2.85151
412.41144;2.5958228
412.3879;2.3452709
412.3326;2.101016
412.24564;1.864255
412.12704;1.6361828
411.97693;1.417963
411.7954;1.2108016
411.58252;1.0158634
411.33838;0.8343444
411.06308;0.66743517
410.75665;0.5163069
410.41922;0.38215685
410.05087;0.26615906
409.65167;0.16950464
409.2217;0.09338093
408.7611;0.03896618
408.2699;0.0074515343
407.74893;1.2360407E-5
407.43478;0.0037983255
407.1205;0.007878828
406.80615;0.012253639
406.49164;0.01692313
406.17703;0.021886852
405.86227;0.02714523
405.5474;0.03269802
405.23242;0.03854493
404.9173;0.044686463
404.60208;0.051122036
404.2867;0.057852216
403.97125;0.06487668
403.65567;0.072195075
403.33994;0.07980803
403.0241;0.08771485
402.70816;0.09591621
402.39212;0.10441173
402.07593;0.113201
401.75964;0.12228476
401.44324;0.1316622
401.1267;0.14133413
400.81006;0.1513001
400.49332;0.16155961
400.17642;0.1721136
399.85944;0.18296154
399.54236;0.19410291
399.22516;0.2055387
398.9078;0.2172684
398.5904;0.22929141
398.27286;0.24160825
397.9552;0.25421947
397.63742;0.26712447
397.31955;0.2803232
397.00156;0.2938152
396.68347;0.30760145
396.36526;0.32168072
396.04694;0.33605438
395.72852;0.3507216
395.41;0.36568183
395.09137;0.38093626
394.77264;0.39648366
394.45377;0.4123252
394.13483;0.42846036
393.81577;0.4448882
393.49658;0.46161032
393.17734;0.47862512
392.85797;0.49593404
392.53848;0.51353645
392.2189;0.53143215
391.8992;0.54962045
391.8992;0.54962045
388.14075;0.7849405
384.3689;1.0606027
380.58435;1.3765681
376.78784;1.7327955
372.98007;2.1292455
369.1617;2.5658782
365.33353;3.0426548
361.49615;3.559535
357.6503;4.1164837
353.79672;4.7134523
349.93613;5.3504047
346.06915;6.0273013
342.19656;6.7441044
338.31903;7.500772
334.4373;8.297265
330.552;9.133546
326.66388;10.009569
322.77365;10.925306
318.88205;11.880697
314.9897;12.87573
311.09732;13.910341
307.20566;14.984501
303.31543;16.098164
299.42728;17.251299
295.54196;18.44386
291.66016;19.675812
287.78253;20.947123
283.90985;22.257729
280.04282;23.607605
276.1821;24.996712
272.32843;26.42501
268.48248;27.892456
264.64502;29.399006
260.81665;30.944649
256.99817;32.529293
253.19022;34.152954
249.39357;35.81554
245.60883;37.517067
241.83679;39.257446
238.07814;41.036663
234.33354;42.85467
230.60373;44.711426
226.88939;46.606907
223.19127;48.541046
219.51001;50.513836
215.8464;52.52519
212.20103;54.57513
208.57469;56.66357
204.96806;58.790485
201.38185;60.955833
197.81676;63.159576
194.27348;65.40167
190.75275;67.6821
187.25519;70.0008
183.78163;72.357704
180.33267;74.75285
176.9091;77.186104
173.51154;79.65751
170.14069;82.16701
166.79736;84.71449
163.4822;87.29999
160.19586;89.92346
156.93907;92.58486
153.71262;95.2841
150.51706;98.021225
147.35327;100.7961
144.45316;103.20492
141.57544;105.641174
138.71408;108.11539
135.86942;110.627235
133.04195;113.176216
130.23201;115.76199
127.44012;118.38408
124.66661;121.04214
121.91196;123.73572
119.17662;126.46436
116.46099;129.2277
113.76545;132.02536
111.090454;134.85689
108.43648;137.72182
105.80386;140.61983
103.193115;143.55043
100.60457;146.51328
98.03874;149.50789
95.49597;152.53392
92.97673;155.59091
90.481476;158.67844
88.01056;161.79614
85.56447;164.94353
83.14358;168.12027
80.74835;171.3259
78.37917;174.56003
76.03652;177.8222
73.72076;181.11208
71.43234;184.4292
69.17173;187.7731
66.939316;191.14343
64.73547;194.53983
62.56069;197.96182
60.415405;201.40892
58.29998;204.88086
56.214874;208.37714
54.160538;211.89731
52.137367;215.44101
50.145767;219.00787
48.18618;222.59741
46.259064;226.2092
44.364777;229.84293
42.503815;233.49805
40.676544;237.17426
38.883408;240.8711
37.124863;244.5881
35.401276;248.32498
33.713135;252.08118
32.060806;255.85641
30.444763;259.65015
28.865425;263.46204
27.323128;267.29178
25.81842;271.1387
24.351654;275.00262
22.923286;278.88297
21.533745;282.7794
20.183403;286.69156
18.872742;290.61893
17.602158;294.5612
16.372086;298.5178
15.182968;302.48843
14.0351715;306.47272
12.929153;310.47018
11.865372;314.48044
10.844223;318.50296
9.866119;322.53745
8.931503;326.58353
8.040802;330.64066
7.194412;334.70856
6.3927765;338.78674
5.6363373;342.87476
4.9254913;346.97226
4.2606964;351.0788
3.6423492;355.194
3.0708618;359.31738
2.5466766;363.4486
2.0702362;367.58725
1.6419373;371.73282
1.2622223;375.885
0.9315033;380.04327
0.6502228;384.2073
0.41879272;388.3767
0.23762512;392.55103
0.107162476;396.72986
0.027816772;400.91272
3.0517578E-5;405.09924
0.032048143;410.0208
0.13259819;414.936
0.30103883;419.8167
0.5367098;424.6627
0.83894694;429.47366
1.2071003;434.24954
1.6404992;438.99
2.1384976;443.69498
2.7004218;448.36414
3.3256295;452.9974
4.0134525;457.59448
4.7632213;462.15515
5.574299;466.6793
6.446001;471.16656
7.377693;475.61694
8.368693;480.0301
9.418367;484.40588
10.526043;488.74405
11.691044;493.04437
12.912746;497.30676
14.19045;501.53085
15.523517;505.71655
16.911312;509.86368
18.353155;513.972
19.848383;518.04126
21.396315;522.0713
22.996317;526.0618
24.64775;530.01276
26.349905;533.9238
28.102182;537.7949
29.903893;541.62573
31.754341;545.416
33.652935;549.1657
35.598953;552.87445
37.591797;556.54224
39.630753;560.16864
41.715202;563.7536
43.844475;567.2969
46.017883;570.7982
48.23481;574.25757
50.49455;577.67456
52.796467;581.049
55.139904;584.38074
57.52424;587.6697
59.94878;590.9154
62.412865;594.11786
64.91576;597.27673
67.456955;600.3919
70.03572;603.4632
72.65139;606.4903
75.30331;609.47314
77.990814;612.4114
80.713165;615.30475
83.46988;618.15326
86.2602;620.95667
89.083374;623.71454
91.93904;626.42706
94.82614;629.0937
97.744316;631.71436
100.6928;634.2888
103.67085;636.8169
106.678;639.29846
109.713486;641.73315
112.77664;644.12085
115.86683;646.4614
118.98327;648.7545
122.1255;651.0
125.292786;653.19763
128.48438;655.3473
131.69986;657.4488
134.9382;659.5017
138.19907;661.5061
141.48167;663.4617
144.78537;665.36816
148.10939;667.22534
151.45328;669.03314
154.81627;670.7913
158.19772;672.4996
161.59688;674.1578
165.01326;675.76575
168.44609;677.3231
171.89465;678.82996
175.35855;680.2859
178.83687;681.6907
182.32892;683.0442
185.83424;684.34625
189.35207;685.59656
192.88174;686.79504
196.42258;687.9413
199.97403;689.03534
203.53534;690.07684
207.10576;691.06555
210.68484;692.0014
214.27188;692.88416
217.86601;693.7135
221.46696;694.4894
225.07372;695.2115
228.68573;695.87964
232.30228;696.49365
235.92285;697.0533
239.54672;697.55835
243.17313;698.00867
246.8016;698.404
250.43138;698.7442
254.0617;699.029
257.69226;699.2582
261.32202;699.43164
264.95047;699.5491
268.5768;699.6103
272.71964;699.6131
277.56775;699.5396
282.37592;699.38666
287.14426;699.1551
291.87247;698.8457
296.56015;698.45953
301.2075;697.9973
305.81412;697.46
310.37985;696.8485
314.9045;696.1637
319.38794;695.40643
323.82993;694.5776
328.23016;693.67816
332.58875;692.70886
336.90536;691.6707
341.1798;690.5645
345.4118;689.39124
349.60138;688.1517
353.74826;686.8468
357.85214;685.4775
361.9131;684.0445
365.93076;682.5489
369.905;680.9914
373.83563;679.37305
377.72247;677.6946
381.56537;675.95703
385.36395;674.16125
389.11832;672.308
392.82816;670.39825
396.49316;668.433
400.11343;666.4129
403.6886;664.339
407.21844;662.2122
410.70294;660.03326
414.14185;657.80316
417.5349;655.52277
420.88205;653.19293
424.18298;650.8146
427.43762;648.38855
430.6456;645.9159
433.80698;643.3973
436.92148;640.8337
439.98883;638.226
443.009;635.57513
445.98175;632.88184
448.90686;630.14716
451.78412;627.372
454.61346;624.5571
457.39465;621.70337
460.12753;618.81177
462.81183;615.8832
465.44748;612.91846
468.03412;609.9186
470.57178;606.8842
473.06024;603.81635
475.49918;600.71594
477.8885;597.584
480.22803;594.421
482.51764;591.2282
484.75702;588.0064
486.94608;584.75635
489.08466;581.47906
491.1725;578.17535
493.20947;574.8461
495.19534;571.4923
497.13;568.11475
499.01312;564.7145
500.84473;561.2921
502.6245;557.8487
504.3523;554.3852
506.02795;550.9022
507.65125;547.40094
509.22205;543.8821
510.74005;540.3467
512.20526;536.7954
513.6173;533.22925
514.9762;529.6492
516.2816;526.0559
517.53345;522.45044
518.73145;518.8338
519.8754;515.20654
520.96533;511.5698
522.00085;507.92435
522.9818;504.2712
523.9081;500.61108
524.77954;496.9449
525.5958;493.2737
526.3569;489.59818
527.0625;485.91925
527.7125;482.2379
528.30676;478.55493
528.845;474.87128
529.3271;471.18777
529.7528;467.50546
530.122;463.825
530.4345;460.1474
530.69006;456.47357
530.8886;452.80432
531.0299;449.14047
531.1138;445.4831
531.13995;441.80878
531.1116;437.64542
531.0312;433.50854
530.8986;429.3983
530.7138;425.31485
530.47656;421.2584
530.1869;417.22922
529.8446;413.22717
529.4496;409.25262
529.0017;405.30573
528.5009;401.38672
527.9471;397.4956
527.3401;393.63257
526.6798;389.798
525.9662;385.99176
525.199;382.21414
524.37823;378.46533
523.5037;374.74548
522.5754;371.05478
521.59314;367.39337
520.5568;363.76154
519.4663;360.1592
518.3215;356.58667
517.1224;353.04422
515.86865;349.53177
514.56036;346.04962
513.1973;342.59805
511.77948;339.17697
510.30664;335.7867
508.77875;332.4274
507.19565;329.0992
505.55728;325.8023
503.86353;322.53687
502.1143;319.30313
500.3094;316.1011
498.44873;312.93103
496.5323;309.79315
494.55984;306.6875
492.5313;303.61426
490.4466;300.57367
488.30566;297.56592
486.10825;294.59106
483.8543;291.6493
481.54373;288.7408
479.17642;285.86578
476.75226;283.02438
474.2711;280.21677
471.73297;277.44318
469.13754;274.7036
466.48483;271.9983
463.77478;269.32755
461.00714;266.69128
458.18182;264.08984
455.29886;261.52338
452.35794;258.992
449.35907;256.49585
446.302;254.03508
443.18692;251.61008
440.01343;249.22076
436.78152;246.8674
433.49118;244.55022
430.1421;242.2692
426.73425;240.02464
423.26764;237.81676
419.74194;235.64558
416.15714;233.51134
412.51312;231.41418
408.80994;229.35434
405.04718;227.33194
401.22476;225.34702
397.34296;223.40001
393.4012;221.49084
389.39966;219.6198
385.3382;217.78706
381.2165;215.9927
377.0346;214.23697
372.79242;212.51996
368.48987;210.84192
364.12668;209.20294
359.70282;207.60324
355.2183;206.043
350.6728;204.52231
346.0661;203.04134
341.39862;201.60034
336.66977;200.19943
331.8796;198.83876
327.02798;197.51852
322.11493;196.2389
317.14;195.0