1.2864788;-70.02955
1.1561766;-77.02378
1.1984978;-83.80282
1.4140129;-90.366425
1.8022528;-96.71486
2.3635406;-102.84796
3.0978909;-108.76573
4.0051727;-114.46824
5.085327;-119.95546
6.338375;-125.227425
7.7644577;-130.28406
9.363434;-135.12544
11.135513;-139.75143
13.080376;-144.16225
15.198265;-148.3577
17.489105;-152.33789
19.95288;-156.10277
22.589508;-159.65245
25.399216;-162.98679
28.38176;-166.10583
31.537354;-169.00958
34.866013;-171.69797
38.36737;-174.17119
42.041687;-176.42911
45.88907;-178.4717
49.909546;-180.29887
54.102875;-181.91092
58.46884;-183.30768
63.00818;-184.48903
67.720245;-185.45523
72.60535;-186.20604
77.66327;-186.74161
82.89441;-187.06183
88.29822;-187.16684
93.87512;-187.05649
99.62512;-186.73088
105.54755;-186.1901
111.64325;-185.4339
117.91205;-184.46237
124.353455;-183.27571
130.96826;-181.87354
137.75562;-180.25629
144.71631;-178.42352
151.85004;-176.37549
32.91411;-36.22202
35.58773;-37.54594
37.92997;-38.49787
39.94092;-39.07781
41.620445;-39.285774
42.96852;-39.121754
43.985428;-38.58574
44.670654;-37.677757
45.02487;-36.397774
45.047394;-34.74582
44.73883;-32.72186
44.098145;-30.325962
43.12683;-27.558039
41.823914;-24.41815
40.189697;-20.906258
6.318283;-7.966948
-4.1875;-6.7870727
-14.394409;-1.4119613
-259.89075;5.0978217
-260.93924;7.7115026
-261.94586;10.322819
-262.91077;12.93178
-263.83398;15.538398
-264.7154;18.142653
-265.55527;20.74456
-266.35324;23.344105
-267.10974;25.941303
-267.82425;28.536133
-268.49725;31.128624
-269.12848;33.71876
-269.71802;36.306545
-270.26584;38.891953
-270.77185;41.47503
-271.23624;44.05575
-271.6588;46.63409
-272.03976;49.210102
-272.37903;51.78376
-272.6766;54.35504
-272.9324;56.92399
-273.14645;59.490585
-273.3189;62.054825
-273.4495;64.61669
-273.5385;67.17622
-273.58572;69.7334
-273.5913;72.28821
-273.55508;74.840675
-273.47723;77.390785
-273.35767;79.938515
-273.1963;82.48393
-272.99335;85.026985
-272.74854;87.56768
-272.4621;90.106
-272.13385;92.64199
-271.76398;95.17563
-271.35248;97.70688
-270.89923;100.23581
-270.40417;102.762375
-269.86737;105.286575
-269.28894;107.80843
-268.66882;110.32794
-268.00687;112.845116
-267.30344;115.35987
-266.55804;117.87233
-265.771;120.382416
-264.94238;122.89014
-264.07184;125.39552
-263.15967;127.898544
-262.206;130.3992
-261.21033;132.89754
-260.1731;135.3935
-259.094;137.88712
-257.97348;140.37833
-256.81097;142.86723
-255.60701;145.35376
-254.36105;147.83795
-253.07335;150.31981
-251.74414;152.79929
-250.37338;155.27637
-248.96078;157.75114
-247.5062;160.22357
-246.01004;162.69365
-244.47217;165.16136
-242.89264;167.62671
-241.27145;170.08972
-239.60837;172.55035
-237.90356;175.00867
-236.15735;177.4646
-234.36957;179.91812
-232.53958;182.36938
-230.66812;184.81825
-228.75488;187.26476
-226.79965;189.70895
-224.80319;192.15073
-222.76471;194.59021
-249.21468;205.39803
-247.97057;208.44093
-246.69563;211.45395
-245.38995;214.43687
-244.0535;217.38985
-242.68622;220.31284
-241.28813;223.20592
-239.85936;226.06888
-238.39973;228.90189
-236.90933;231.70503
-235.38815;234.4781
-233.83615;237.22122
-232.25342;239.93433
-230.63986;242.61748
-228.99559;245.27065
-227.32053;247.89378
-225.61464;250.48697
-223.87793;253.0502
-222.1105;255.58337
-220.31227;258.08664
-218.48323;260.55994
-216.62347;263.00317
-214.73293;265.41647
-212.81155;267.79974
-210.8594;270.15314
-208.87653;272.47638
-206.86276;274.76978
-204.81831;277.03314
-202.74304;279.26654
-200.63696;281.46994
-198.50012;283.64337
-196.33249;285.7868
-194.13411;287.90027
-191.90494;289.9837
-189.64494;292.0373
-187.35419;294.06073
-185.03268;296.05426
-182.68034;298.01782
-180.29727;299.95135
-177.88339;301.85492
-175.4387;303.72858
-172.96326;305.57214
-170.45706;307.38574
-167.92001;309.16943
-165.3522;310.92316
-162.75363;312.6468
-160.12427;314.34045
-157.46413;316.0042
-154.77325;317.63782
-152.05148;319.24164
-149.29901;320.81537
-146.51573;322.35913
-143.70166;323.87302
-140.85683;325.3568
-137.98114;326.8107
-135.0748;328.2344
-132.1376;329.6284
-129.1696;330.9922
-126.17086;332.32608
-123.14136;333.62997
-120.08099;334.90393
-116.9899;336.1479
-113.86803;337.3618
-110.71533;338.54587
-107.531876;339.6999
-104.31767;340.82388
-101.07259;341.918
-97.796844;342.98193
-94.49026;344.016
-91.152855;345.02008
-87.78471;345.99423
-84.38575;346.9383
-80.956055;347.85236
-77.49558;348.73648
-74.00426;349.59082
-70.482185;350.41504
-66.929375;351.20905
-63.345737;351.97327
-59.73131;352.70767
-56.086155;353.4118
-52.41012;354.086
-48.70338;354.7304
-44.965866;355.34473
-41.197468;355.92914
-37.39837;356.4834
-33.568542;357.0077
-29.70779;357.5022
-25.816376;357.9665
-21.894142;358.40082
-17.941084;358.80536
-13.957306;359.17975
-9.942661;359.5241
-5.8972974;359.8388
-1.8212065;360.12305
3.8568325;542.0498
10.750591;538.5972
17.583487;535.12537
24.355629;531.6351
31.066797;528.1258
37.7171;524.59753
44.30664;521.05066
50.83522;517.4846
57.302933;513.9
63.709885;510.2962
70.05586;506.67377
76.34097;503.0324
82.56534;499.3721
88.72873;495.69305
94.83124;491.995
100.87301;488.2782
106.8538;484.5425
112.77383;480.78778
118.6329;477.01443
124.43111;473.22202
130.16853;469.41077
135.845;465.5807
141.46062;461.7317
147.01546;457.8639
152.50934;453.97726
157.94235;450.0717
163.31459;446.14728
168.62589;442.20398
173.87631;438.24188
179.06598;434.26074
184.19464;430.2608
189.26248;426.24213
194.26955;422.2045
199.21564;418.14795
204.10088;414.07254
208.92534;409.97833
213.68884;405.86536
218.39157;401.7332
223.03336;397.58224
227.61426;393.41272
232.1344;389.224
236.5936;385.0166
240.9919;380.79013
245.32945;376.54504
249.60605;372.28098
253.82178;367.99802
257.97662;363.69608
262.07074;359.37558
266.10394;355.03583
270.07614;350.67758
273.9876;346.3002
277.83823;341.90402
281.62784;337.4891
285.35672;333.0552
289.02472;328.60223
292.63177;324.13065
296.17807;319.64035
299.66348;315.13083
303.0879;310.60257
306.45163;306.0556
309.75446;301.48962
312.99628;296.9047
316.17737;292.30075
319.2976;287.67813
322.35687;283.03687
325.35535;278.3765
328.29303;273.69736
331.1698;268.99927
333.9856;264.2823
336.74063;259.54654
339.43478;254.79166
342.068;250.01819
344.64044;245.22583
347.15204;240.41461
349.6027;235.58441
351.9925;230.73517
354.32147;225.86743
356.58954;220.9809
358.79678;216.07507
360.9432;211.15082
363.02856;206.20703
365.05328;201.245
367.01706;196.26385
368.91992;191.26385
370.76196;186.24487
372.54315;181.20721
374.2634;176.15039
375.9229;171.07526
377.5215;165.98083
379.05908;160.86725
380.53604;155.73547
381.95203;150.58472
383.30713;145.41467
384.60138;140.22595
385.83475;135.01831
387.00726;129.79199
388.11902;124.54724
389.16986;119.2832
390.15973;114.00012
391.08878;108.698
391.957;103.377075
392.76437;98.03772
393.51077;92.67883
394.19635;87.30127
394.82117;81.905396
395.38504;76.49036
395.88812;71.056274
396.3302;65.602905
396.71146;60.131226
397.03192;54.64087
397.29147;49.131226
397.4901;43.602905
397.6279;38.055542
397.70496;32.489624
397.7211;26.905273
397.6763;21.301147
397.57065;15.677856
397.40417;10.036743
397.17676;4.3759766
489.39468;-1.703496
485.74072;-9.091616
482.07092;-16.405174
478.38583;-23.643978
474.6855;-30.807638
470.96964;-37.896294
467.23843;-44.910217
463.49194;-51.848938
459.72995;-58.713078
455.95245;-65.50234
452.1598;-72.216354
448.35165;-78.85575
444.52817;-85.41995
440.68933;-91.90927
436.835;-98.32377
432.9652;-104.6635
429.0802;-110.92807
425.17978;-117.11781
421.26376;-123.232925
417.33264;-129.27267
413.386;-135.23773
409.4239;-141.12785
405.44662;-146.94302
401.4538;-152.68329
397.44562;-158.34863
393.42212;-163.9389
389.38318;-169.45445
385.3288;-174.89505
381.259;-180.26091
377.17404;-185.55139
373.07358;-190.76724
368.95764;-195.90811
364.82654;-200.974
360.6798;-205.96509
356.51776;-210.88123
352.34036;-215.72238
348.14752;-220.48874
343.93927;-225.18019
339.71582;-229.79643
335.4768;-234.33817
331.22223;-238.80507
326.95282;-243.19633
322.66766;-247.51314
318.367;-251.75516
314.0513;-255.92186
309.72003;-260.01385
305.37323;-264.0311
301.01117;-267.97345
296.63385;-271.8405
292.24084;-275.6331
287.83286;-279.35022
283.4092;-282.99274
278.9702;-286.5603
274.516;-290.05276
270.04608;-293.47092
265.56094;-296.8136
261.06046;-300.08148
256.5446;-303.27444
252.01303;-306.39273
247.46649;-309.4359
242.90439;-312.40405
238.32693;-315.29727
233.73413;-318.11575
229.12589;-320.85922
224.5022;-323.5279
219.8634;-326.1213
215.20886;-328.6402
210.53903;-331.0839
205.85373;-333.453
201.15332;-335.7469
196.43744;-337.96582
191.7059;-340.1101
186.95947;-342.17908
182.19702;-344.1737
177.41968;-346.0929
172.62701;-347.93726
167.81854;-349.70703
162.99506;-351.40143
158.15613;-353.02094
153.30176;-354.5658
148.43164;-356.03583
143.54669;-357.43054
138.64606;-358.7506
133.73022;-359.9956
128.79858;-361.16614
123.85211;-362.26093
118.88971;-363.28162
113.912476;-364.22687
108.91913;-365.09772
103.911194;-365.893
98.887146;-366.61426
93.84851;-367.2594
88.793945;-367.8305
83.724365;-368.3261
78.638916;-368.74725
73.538086;-369.09357
68.42236;-369.3645
63.290894;-369.5609
58.144165;-369.68213
52.9823;-369.72827
47.80481;-369.6996
42.61145;-369.59656
37.40332;-369.4181
32.179688;-369.16467
26.940552;-368.83655
21.685913;-368.43384
16.415894;-367.95593
11.130859;-367.40247
5.8305664;-366.7743
0.5144043;-366.0719
-3.7953162;-365.90442
-8.004312;-363.7612
-12.221533;-361.60574
-16.447376;-359.438
-20.681286;-357.25778
-24.923218;-355.0652
-29.173952;-352.86053
-33.432762;-350.64334
-37.699646;-348.41388
-41.97531;-346.17218
-46.259018;-343.91803
-50.551155;-341.6518
-54.851448;-339.37292
-59.16015;-337.08185
-63.476967;-334.77847
-67.80231;-332.46274
-72.13582;-330.13464
-76.47786;-327.79456
-80.82783;-325.4417
-85.18642;-323.0767
-89.55319;-320.69955
-93.928154;-318.30978
-98.31174;-315.9079
-102.70323;-313.49356
-107.10339;-311.06696
-111.511856;-308.628
-115.92825;-306.17673
-120.35328;-303.71323
-124.78645;-301.23724
-129.22794;-298.74905
-133.67783;-296.24854
-138.13603;-293.73557
-142.60223;-291.21033
-147.07715;-288.673
-151.56017;-286.12305
-156.05132;-283.56085
-160.55122;-280.98642
-165.05916;-278.39957
-169.57542;-275.80032
-174.09985;-273.18896
-178.63289;-270.56525
-183.17404;-267.92908
-187.72348;-265.28073
-192.28145;-262.6201
-196.84756;-259.9469
-201.42169;-257.26147
-206.0045;-254.56377
-210.59555;-251.85368
-215.19485;-249.13141
-219.80252;-246.39671
-224.41849;-243.64972
-229.04263;-240.89044
-233.67505;-238.11868
-238.31604;-235.33473
-242.96509;-232.53848
-247.62256;-229.72984
-252.2883;-226.90878
-256.9624;-224.07573
-261.64462;-221.23001
-266.33542;-218.37204
-271.03427;-215.50189
-275.74146;-212.61922
-280.4571;-209.72432
-285.1811;-206.81732
-289.91336;-203.8977
-294.65375;-200.96582
-299.40234;-198.02164
-304.15967;-195.06512
-308.92514;-192.0964
-313.69873;-189.1153
-318.48077;-186.1218
-323.271;-183.11584
-328.06976;-180.09799
-332.8766;-177.06741
-337.6917;-174.0245
-342.51514;-170.96951
-347.3473;-167.90225
-352.18713;-164.8223
-357.03577;-161.73032
-361.89264;-158.62607
-366.75763;-155.50928
-371.6311;-152.38025
-376.51294;-149.2392
-381.40216;-146.08502
-386.30078;-142.9191
-391.20776;-139.74118
-396.1223;-136.5503
-401.04584;-133.3475
-405.97705;-130.13217
-410.91718;-126.904724
-415.86517;-123.66461
-420.8214;-120.412415
-425.78625;-117.14789
-430.75934;-113.87097
-435.74017;-110.58154